Horas,frecuencia,Porcentaje,Porcetajes_validos,Porcentajes_acumulados
3,3,6,6,6
4,3,6,6,12
5,5,10,10,22
6,3,6,6,28
7,4,8,8,36
8,4,8,8,44
9,3,6,6,50
10,4,8,8,58
11,2,4,4,62
12,2,4,4,66
13,3,6,6,72
14,1,2,2,74
15,2,4,4,78
16,5,10,10,88
17,2,4,4,92
18,1,2,2,94
19,2,4,4,98
20,1,2,2,100
